0.0 
NaN
47.92566350251498 
NaN
0.0 
NaN
47.930479725598516 
NaN
49.476864052970704 
NaN
49.11848301485632 
NaN
48.879740348080986 
NaN
0.0 
NaN
48.88400935591581 
NaN
47.930479725598516 
NaN
0.0 
NaN
47.32815916787867 
NaN
0.0 
NaN
0.0 
NaN
0.0 
NaN
0.0 
NaN
47.332977671997384 
NaN
0.0 
NaN
47.3199750897782 
NaN
0.0 
NaN
49.3239137632221 
NaN
0.0 
NaN
0.0 
NaN
48.315343680810656 
NaN
47.29578491599767 
NaN
46.261860825278816 
NaN
46.33886497254663 
NaN
0.0 
NaN
0.0 
NaN
0.0 
NaN
49.07362356116625 
NaN
49.33940110914048 
NaN
47.33396993356519 
NaN
48.63141038043436 
NaN
49.33135629604106 
NaN
0.0 
NaN
49.32708983809936 
NaN
49.31745480290843 
NaN
49.15106816090073 
NaN
48.62940277301017 
NaN
46.33886497254663 
NaN
47.332977671997384 
NaN
0.0 
NaN
47.332977671997384 
NaN
0.0 
NaN
49.07362356116625 
NaN
48.875797814836744 
NaN
49.337882283050504 
NaN
47.3458597599422 
NaN
0.0 
NaN
0.0 
NaN
49.07362356116625 
NaN
49.10135553721382 
NaN
0.0 
NaN
48.62940277301017 
NaN
49.298191591696686 
NaN
0.0 
NaN
0.0 
NaN
49.33940110914048 
NaN
48.315343680810656 
NaN
48.86558012185513 
NaN
0.0 
NaN
49.11473170089868 
NaN
0.0 
NaN
0.0 
NaN
46.33929230803472 
NaN
49.07362356116625 
NaN
0.0 
NaN
0.0 
NaN
48.30774626803872 
NaN
48.885634198121004 
NaN
46.33886497254663 
NaN
46.330447827417004 
NaN
49.11294097710635 
NaN
0.0 
NaN
0.0 
NaN
48.892700369542894 
NaN
0.0 
NaN
0.0 
NaN
0.0 
NaN
0.0 
NaN
48.885634198121004 
NaN
0.0 
NaN
49.136250907460656 
NaN
48.314948968228855 
NaN
46.33886497254663 
NaN
48.27952293620955 
NaN
0.0 
NaN
47.332977671997384 
NaN
0.0 
NaN
46.30221825622416 
NaN
0.0 
NaN
0.0 
NaN
47.930479725598516 
NaN
47.21571442467708 
NaN
47.866544334786 
NaN
48.65219623792389 
NaN
47.32815916787867 
NaN
49.15106816090073 
NaN
46.261860825278816 
NaN
0.0 
NaN
0.0 
NaN
48.885634198121004 
NaN
46.27602356005348 
NaN
48.91186497580262 
NaN
47.866544334786 
NaN
0.0 
NaN
0.0 
NaN
49.33940110914048 
NaN
49.11294097710635 
NaN
46.33886497254663 
NaN
48.88460151164281 
NaN
49.07362356116625 
NaN
0.0 
NaN
49.298191591696686 
NaN
49.33940110914048 
NaN
0.0 
NaN
48.315343680810656 
NaN
49.3456920249547 
NaN
0.0 
NaN
49.31745480290843 
NaN
49.11848301485632 
NaN
49.07362356116625 
NaN
46.30221825622416 
NaN
49.100636651529875 
NaN
47.3458597599422 
NaN
0.0 
NaN
0.0 
NaN
48.631721433380804 
NaN
0.0 
NaN
48.87778879536241 
NaN
0.0 
NaN
0.0 
NaN
48.875797814836744 
NaN
0.0 
NaN
46.330447827417004 
NaN
0.0 
NaN
0.0 
NaN
0.0 
NaN
46.33929230803472 
NaN
0.0 
NaN
0.0 
NaN
0.0 
NaN
47.92566350251498 
NaN
49.07362356116625 
NaN
49.136250907460656 
NaN
49.07362356116625 
NaN
46.28733545918305 
NaN
