0.0 
NaN
24.788387030206838 
NaN
0.0 
NaN
25.53058925271567 
NaN
25.53058925271567 
NaN
25.53058925271567 
NaN
25.53058925271567 
NaN
0.0 
NaN
25.53058925271567 
NaN
25.53058925271567 
NaN
0.0 
NaN
25.18361603647469 
NaN
0.0 
NaN
0.0 
NaN
0.0 
NaN
0.0 
NaN
24.203424554379787 
NaN
0.0 
NaN
24.20225306023001 
NaN
0.0 
NaN
25.53058925271567 
NaN
0.0 
NaN
0.0 
NaN
25.53058925271567 
NaN
25.202956033513313 
NaN
23.201080688836665 
NaN
23.17552046512486 
NaN
0.0 
NaN
0.0 
NaN
0.0 
NaN
25.53058919318629 
NaN
25.53058919318629 
NaN
25.519250420269138 
NaN
25.53058925271567 
NaN
25.53058925271567 
NaN
0.0 
NaN
25.5305891634216 
NaN
25.53058925271567 
NaN
25.53058925271567 
NaN
25.53058925271567 
NaN
23.17552046512486 
NaN
24.203424554379787 
NaN
0.0 
NaN
24.203424554379787 
NaN
0.0 
NaN
25.53058919318629 
NaN
25.53058925271567 
NaN
25.53058925271567 
NaN
24.20225306023001 
NaN
0.0 
NaN
25.520096879115293 
NaN
25.53058919318629 
NaN
25.53058925271567 
NaN
0.0 
NaN
25.53058925271567 
NaN
25.53058925271567 
NaN
0.0 
NaN
0.0 
NaN
25.53058919318629 
NaN
25.53058925271567 
NaN
25.53058925271567 
NaN
0.0 
NaN
25.53058925271567 
NaN
0.0 
NaN
0.0 
NaN
23.203424629062095 
NaN
25.53058919318629 
NaN
0.0 
NaN
0.0 
NaN
25.520096879115293 
NaN
25.53058925271567 
NaN
23.17552046512486 
NaN
25.53058919318629 
NaN
25.53058925271567 
NaN
0.0 
NaN
0.0 
NaN
25.53058925271567 
NaN
0.0 
NaN
25.519250420269138 
NaN
0.0 
NaN
0.0 
NaN
25.53058925271567 
NaN
0.0 
NaN
25.53058925271567 
NaN
25.53058925271567 
NaN
23.17552046512486 
NaN
25.53058925271567 
NaN
0.0 
NaN
24.203424554379787 
NaN
0.0 
NaN
24.203424554379787 
NaN
0.0 
NaN
0.0 
NaN
25.53058925271567 
NaN
24.203424554379787 
NaN
25.20342451703863 
NaN
25.53058919318629 
NaN
25.18361603647469 
NaN
25.53058925271567 
NaN
23.201080688836665 
NaN
25.520096879115293 
NaN
0.0 
NaN
25.53058925271567 
NaN
24.203424554379787 
NaN
25.53058925271567 
NaN
25.20342451703863 
NaN
0.0 
NaN
0.0 
NaN
25.53058919318629 
NaN
25.53058925271567 
NaN
23.17552046512486 
NaN
25.53058925271567 
NaN
25.53058919318629 
NaN
0.0 
NaN
25.53058925271567 
NaN
25.53058919318629 
NaN
0.0 
NaN
25.53058925271567 
NaN
25.53058925271567 
NaN
0.0 
NaN
25.53058925271567 
NaN
25.53058925271567 
NaN
25.53058919318629 
NaN
24.203424554379787 
NaN
25.53058925271567 
NaN
24.20225306023001 
NaN
0.0 
NaN
0.0 
NaN
25.530585919066517 
NaN
0.0 
NaN
25.53058919318629 
NaN
0.0 
NaN
25.520096879115293 
NaN
25.53058925271567 
NaN
0.0 
NaN
25.53058919318629 
NaN
25.520096879115293 
NaN
0.0 
NaN
0.0 
NaN
23.203424629062095 
NaN
0.0 
NaN
0.0 
NaN
0.0 
NaN
24.788387030206838 
NaN
25.53058919318629 
NaN
25.53058925271567 
NaN
25.53058919318629 
NaN
23.203424629062095 
NaN
