0.0 
NaN
49.19024819995925 
NaN
0.0 
NaN
49.314441395307604 
NaN
50.529454286278444 
NaN
49.7585413601889 
NaN
48.20752619139109 
NaN
0.0 
NaN
48.20752619139109 
NaN
49.314441395307604 
NaN
0.0 
NaN
48.20752619139109 
NaN
0.0 
NaN
0.0 
NaN
0.0 
NaN
0.0 
NaN
48.24229160955177 
NaN
0.0 
NaN
0.0 
NaN
0.0 
NaN
50.740839358455446 
NaN
0.0 
NaN
0.0 
NaN
48.173578859467746 
NaN
48.173578859467746 
NaN
0.0 
NaN
0.0 
NaN
0.0 
NaN
0.0 
NaN
0.0 
NaN
48.24229160955177 
NaN
50.73545774707586 
NaN
49.20752619139108 
NaN
49.19024819995925 
NaN
50.73545774707586 
NaN
0.0 
NaN
50.73545774707586 
NaN
50.495506954355115 
NaN
50.74228526150693 
NaN
49.173578859467746 
NaN
0.0 
NaN
48.24229160955177 
NaN
0.0 
NaN
48.24229160955177 
NaN
0.0 
NaN
48.24229160955177 
NaN
49.781281563432536 
NaN
50.95618711918966 
NaN
49.19106628619658 
NaN
0.0 
NaN
0.0 
NaN
48.24229160955177 
NaN
48.20752619139109 
NaN
0.0 
NaN
49.173578859467746 
NaN
50.4677619638722 
NaN
0.0 
NaN
0.0 
NaN
50.73545774707586 
NaN
48.173578859467746 
NaN
49.314441395307604 
NaN
0.0 
NaN
50.24229160955176 
NaN
0.0 
NaN
0.0 
NaN
48.173578859467746 
NaN
48.24229160955177 
NaN
0.0 
NaN
0.0 
NaN
48.173578859467746 
NaN
49.2633794261246 
NaN
0.0 
NaN
0.0 
NaN
50.20066238325288 
NaN
0.0 
NaN
0.0 
NaN
49.86287802000364 
NaN
0.0 
NaN
0.0 
NaN
0.0 
NaN
0.0 
NaN
49.2633794261246 
NaN
0.0 
NaN
50.51698668176556 
NaN
49.314441395307604 
NaN
0.0 
NaN
48.20752619139109 
NaN
0.0 
NaN
48.24229160955177 
NaN
0.0 
NaN
0.0 
NaN
0.0 
NaN
0.0 
NaN
49.314441395307604 
NaN
48.24229160955177 
NaN
48.24229160955177 
NaN
49.74704572135107 
NaN
48.20752619139109 
NaN
50.74228526150693 
NaN
0.0 
NaN
0.0 
NaN
0.0 
NaN
49.2633794261246 
NaN
0.0 
NaN
50.50954959902328 
NaN
48.24229160955177 
NaN
0.0 
NaN
0.0 
NaN
50.73545774707586 
NaN
50.20066238325288 
NaN
0.0 
NaN
50.218219025563535 
NaN
48.24229160955177 
NaN
0.0 
NaN
50.4677619638722 
NaN
50.73545774707586 
NaN
0.0 
NaN
48.173578859467746 
NaN
50.95618711918966 
NaN
0.0 
NaN
50.495506954355115 
NaN
49.7585413601889 
NaN
48.24229160955177 
NaN
0.0 
NaN
49.7694050789992 
NaN
49.19106628619658 
NaN
0.0 
NaN
0.0 
NaN
49.781811139511746 
NaN
0.0 
NaN
50.17485298468957 
NaN
0.0 
NaN
0.0 
NaN
49.781281563432536 
NaN
0.0 
NaN
0.0 
NaN
0.0 
NaN
0.0 
NaN
0.0 
NaN
48.173578859467746 
NaN
0.0 
NaN
0.0 
NaN
0.0 
NaN
49.19024819995925 
NaN
48.24229160955177 
NaN
50.51698668176556 
NaN
48.24229160955177 
NaN
0.0 
NaN
