43.054004133472134 
NaN
43.05710752228338 
NaN
0.0 
NaN
0.0 
NaN
0.0 
NaN
0.0 
NaN
41.05006228199362 
NaN
42.38174188299144 
NaN
41.0507494820232 
NaN
42.847811890753455 
NaN
42.8599478875068 
NaN
0.0 
NaN
40.035304548708204 
NaN
0.0 
NaN
41.05006228199362 
NaN
43.04587967352917 
NaN
42.042425542561105 
NaN
41.063927777483826 
NaN
41.6400518700589 
NaN
41.0507494820232 
NaN
42.62585755834184 
NaN
42.06546679293142 
NaN
42.8467698609739 
NaN
42.64029111879646 
NaN
42.60819930474877 
NaN
40.03637680683352 
NaN
40.035304548708204 
NaN
41.65021310844076 
NaN
43.04587967352917 
NaN
42.8599478875068 
NaN
0.0 
NaN
41.6400518700589 
NaN
43.06783780193696 
NaN
41.6400518700589 
NaN
0.0 
NaN
0.0 
NaN
0.0 
NaN
41.63058223193864 
NaN
42.62585755834184 
NaN
42.601955196071565 
NaN
43.06142762784369 
NaN
40.035304548708204 
NaN
41.06331292399909 
NaN
41.6400518700589 
NaN
0.0 
NaN
40.035304548708204 
NaN
42.376220674957565 
NaN
40.03637680683352 
NaN
42.38174188299144 
NaN
42.376220674957565 
NaN
42.38174188299144 
NaN
42.042425542561105 
NaN
41.6400518700589 
NaN
42.38174188299144 
NaN
41.063927777483826 
NaN
40.035304548708204 
NaN
42.64029111879646 
NaN
43.05710752228338 
NaN
40.035304548708204 
NaN
41.6400518700589 
NaN
42.60819930474877 
NaN
40.035304548708204 
NaN
40.035304548708204 
NaN
42.8599478875068 
NaN
43.06142762784369 
NaN
43.060226424290576 
NaN
0.0 
NaN
42.042425542561105 
NaN
41.063927777483826 
NaN
42.847811890753455 
NaN
41.06331292399909 
NaN
42.62585755834184 
NaN
42.87230470902634 
NaN
41.05006228199362 
NaN
43.04587967352917 
NaN
42.376220674957565 
NaN
43.060226424290576 
NaN
42.87230470902634 
NaN
43.04587967352917 
NaN
41.65021310844076 
NaN
40.03637680683352 
NaN
0.0 
NaN
41.063927777483826 
NaN
40.035304548708204 
NaN
0.0 
NaN
0.0 
NaN
0.0 
NaN
43.045692939222626 
NaN
40.035304548708204 
NaN
42.60819930474877 
NaN
42.8467698609739 
NaN
0.0 
NaN
0.0 
NaN
0.0 
NaN
42.87138048311203 
NaN
0.0 
NaN
0.0 
NaN
42.8599478875068 
NaN
41.6400518700589 
NaN
43.06142762784369 
NaN
0.0 
NaN
42.8599478875068 
NaN
0.0 
NaN
0.0 
NaN
42.62585755834184 
NaN
40.035304548708204 
NaN
0.0 
NaN
40.035304548708204 
NaN
40.035304548708204 
NaN
40.035304548708204 
NaN
0.0 
NaN
40.035304548708204 
NaN
42.376220674957565 
NaN
42.64029111879646 
NaN
0.0 
NaN
42.86332221178017 
NaN
0.0 
NaN
41.063927777483826 
NaN
0.0 
NaN
41.65021310844076 
NaN
40.035304548708204 
NaN
42.8467698609739 
NaN
42.376220674957565 
NaN
42.8599478875068 
NaN
43.05710752228338 
NaN
40.035304548708204 
NaN
41.063927777483826 
NaN
0.0 
NaN
0.0 
NaN
41.05006228199362 
NaN
40.035304548708204 
NaN
43.06142762784369 
NaN
40.035304548708204 
NaN
42.60819930474877 
NaN
43.06783780193696 
NaN
42.042425542561105 
NaN
42.38174188299144 
NaN
43.05710752228338 
NaN
41.6400518700589 
NaN
0.0 
NaN
0.0 
NaN
0.0 
NaN
43.045692939222626 
NaN
0.0 
NaN
41.06331292399909 
NaN
42.86332221178017 
NaN
42.62585755834184 
NaN
41.6400518700589 
NaN
42.38174188299144 
NaN
41.063927777483826 
NaN
