25.211667323131067 
NaN
25.2116673973879 
NaN
0.0 
NaN
0.0 
NaN
0.0 
NaN
0.0 
NaN
25.200569688791276 
NaN
25.2116673973879 
NaN
25.2116673973879 
NaN
25.211667323131067 
NaN
25.211667323131067 
NaN
0.0 
NaN
23.88420080229653 
NaN
0.0 
NaN
25.200569688791276 
NaN
25.211667323131067 
NaN
25.2116673973879 
NaN
23.88289189553992 
NaN
24.87632756879615 
NaN
25.2116673973879 
NaN
25.211663461770524 
NaN
24.88420112841971 
NaN
25.2116673973879 
NaN
25.2116673973879 
NaN
25.211663387513486 
NaN
23.884201175008734 
NaN
23.88420080229653 
NaN
24.46916364467054 
NaN
25.211667323131067 
NaN
25.211667323131067 
NaN
0.0 
NaN
24.87632756879615 
NaN
25.2116673973879 
NaN
24.87632756879615 
NaN
0.0 
NaN
0.0 
NaN
0.0 
NaN
25.2116673973879 
NaN
25.211663461770524 
NaN
25.2116673973879 
NaN
25.2116673973879 
NaN
23.88420080229653 
NaN
23.884201175008734 
NaN
24.87632756879615 
NaN
0.0 
NaN
23.88420080229653 
NaN
25.2116673973879 
NaN
23.884201175008734 
NaN
25.2116673973879 
NaN
25.2116673973879 
NaN
25.2116673973879 
NaN
25.2116673973879 
NaN
24.87632756879615 
NaN
25.2116673973879 
NaN
23.88289189553992 
NaN
23.88420080229653 
NaN
25.2116673973879 
NaN
25.2116673973879 
NaN
23.88420080229653 
NaN
24.87632756879615 
NaN
25.211663387513486 
NaN
23.88420080229653 
NaN
23.88420080229653 
NaN
25.211667323131067 
NaN
25.2116673973879 
NaN
25.2116673973879 
NaN
0.0 
NaN
25.2116673973879 
NaN
23.88289189553992 
NaN
25.211667323131067 
NaN
23.884201175008734 
NaN
25.211663461770524 
NaN
25.2116673973879 
NaN
25.200569688791276 
NaN
25.211667323131067 
NaN
25.2116673973879 
NaN
25.2116673973879 
NaN
25.2116673973879 
NaN
25.211667323131067 
NaN
24.46916364467054 
NaN
23.884201175008734 
NaN
0.0 
NaN
23.88289189553992 
NaN
23.88420080229653 
NaN
0.0 
NaN
0.0 
NaN
0.0 
NaN
25.211667323131067 
NaN
23.88420080229653 
NaN
25.211663387513486 
NaN
25.2116673973879 
NaN
0.0 
NaN
0.0 
NaN
0.0 
NaN
25.2116673973879 
NaN
0.0 
NaN
0.0 
NaN
25.211667323131067 
NaN
24.87632756879615 
NaN
25.2116673973879 
NaN
0.0 
NaN
25.211667323131067 
NaN
0.0 
NaN
0.0 
NaN
25.211663461770524 
NaN
23.88420080229653 
NaN
0.0 
NaN
23.88420080229653 
NaN
23.88420080229653 
NaN
23.88420080229653 
NaN
0.0 
NaN
23.88420080229653 
NaN
25.2116673973879 
NaN
25.2116673973879 
NaN
0.0 
NaN
25.21166327612793 
NaN
0.0 
NaN
23.88289189553992 
NaN
0.0 
NaN
24.46916364467054 
NaN
23.88420080229653 
NaN
25.2116673973879 
NaN
25.2116673973879 
NaN
25.211667323131067 
NaN
25.2116673973879 
NaN
23.88420080229653 
NaN
23.88289189553992 
NaN
0.0 
NaN
0.0 
NaN
25.200569688791276 
NaN
23.88420080229653 
NaN
25.2116673973879 
NaN
23.88420080229653 
NaN
25.211663387513486 
NaN
25.2116673973879 
NaN
25.2116673973879 
NaN
25.2116673973879 
NaN
25.2116673973879 
NaN
24.87632756879615 
NaN
0.0 
NaN
0.0 
NaN
0.0 
NaN
25.211667323131067 
NaN
0.0 
NaN
23.884201175008734 
NaN
25.21166327612793 
NaN
25.211663461770524 
NaN
24.87632756879615 
NaN
25.2116673973879 
NaN
23.88289189553992 
NaN
