0.0 
NaN
42.20884397391502 
NaN
0.0 
NaN
42.6179869101449 
NaN
43.627041919844714 
NaN
43.43102148416099 
NaN
43.20875062820175 
NaN
0.0 
NaN
43.20882596574141 
NaN
42.6179869101449 
NaN
0.0 
NaN
42.209005447672126 
NaN
0.0 
NaN
0.0 
NaN
0.0 
NaN
0.0 
NaN
41.62396141287053 
NaN
0.0 
NaN
41.62353315526813 
NaN
0.0 
NaN
43.620488506006055 
NaN
0.0 
NaN
0.0 
NaN
43.19993796016052 
NaN
42.19044746739077 
NaN
40.623618515230305 
NaN
40.62407055349174 
NaN
0.0 
NaN
0.0 
NaN
0.0 
NaN
43.619977305511306 
NaN
43.620774238713004 
NaN
42.199484045137325 
NaN
43.41979316707042 
NaN
43.627438432534525 
NaN
0.0 
NaN
43.62060559909523 
NaN
43.620488506006055 
NaN
43.6208791006955 
NaN
43.419875477129324 
NaN
40.62407055349174 
NaN
41.62396141287053 
NaN
0.0 
NaN
41.62396141287053 
NaN
0.0 
NaN
43.619977305511306 
NaN
43.613556702960786 
NaN
43.627549189334914 
NaN
41.62353315526813 
NaN
0.0 
NaN
40.59732843005422 
NaN
43.619977305511306 
NaN
43.607174745204205 
NaN
0.0 
NaN
43.419875477129324 
NaN
43.61990984917351 
NaN
0.0 
NaN
0.0 
NaN
43.620774238713004 
NaN
43.19993796016052 
NaN
43.430760903181444 
NaN
0.0 
NaN
43.620313815424986 
NaN
0.0 
NaN
0.0 
NaN
40.62223731609589 
NaN
43.619977305511306 
NaN
0.0 
NaN
0.0 
NaN
42.93481564759094 
NaN
43.20829995683482 
NaN
40.62407055349174 
NaN
42.1828402089474 
NaN
43.613618368690275 
NaN
0.0 
NaN
0.0 
NaN
43.209054839342585 
NaN
0.0 
NaN
41.59690256675774 
NaN
0.0 
NaN
0.0 
NaN
43.20829995683482 
NaN
0.0 
NaN
43.62082252917543 
NaN
42.945651198993055 
NaN
40.62407055349174 
NaN
42.93476196987999 
NaN
0.0 
NaN
41.62396141287053 
NaN
0.0 
NaN
41.60987964602972 
NaN
0.0 
NaN
0.0 
NaN
42.6179869101449 
NaN
41.623283586275456 
NaN
42.61044640692142 
NaN
43.20014290585533 
NaN
42.209005447672126 
NaN
43.6208791006955 
NaN
40.623618515230305 
NaN
40.59732843005422 
NaN
0.0 
NaN
43.20829995683482 
NaN
41.62350526256585 
NaN
43.20844355365358 
NaN
42.61044640692142 
NaN
0.0 
NaN
0.0 
NaN
43.620774238713004 
NaN
43.613618368690275 
NaN
40.62407055349174 
NaN
43.208294573481425 
NaN
43.619977305511306 
NaN
0.0 
NaN
43.61990984917351 
NaN
43.620774238713004 
NaN
0.0 
NaN
43.19993796016052 
NaN
43.620997143175565 
NaN
0.0 
NaN
43.620488506006055 
NaN
43.43102148416099 
NaN
43.619977305511306 
NaN
41.60987964602972 
NaN
43.43063748320315 
NaN
41.62353315526813 
NaN
0.0 
NaN
0.0 
NaN
43.20433191332401 
NaN
0.0 
NaN
43.6005165067127 
NaN
0.0 
NaN
40.59732843005422 
NaN
43.613556702960786 
NaN
0.0 
NaN
42.1828402089474 
NaN
40.59732843005422 
NaN
0.0 
NaN
0.0 
NaN
40.62223731609589 
NaN
0.0 
NaN
0.0 
NaN
0.0 
NaN
42.20884397391502 
NaN
43.619977305511306 
NaN
43.62082252917543 
NaN
43.619977305511306 
NaN
40.62358649177426 
NaN
