31.20169705102535 
NaN
31.201700179754067 
NaN
0.0 
NaN
0.0 
NaN
0.0 
NaN
0.0 
NaN
30.60516848250157 
NaN
31.201526570617155 
NaN
30.60516863972627 
NaN
31.201693558944843 
NaN
31.20152317101575 
NaN
0.0 
NaN
29.611858713450943 
NaN
0.0 
NaN
30.60516848250157 
NaN
31.201693498192615 
NaN
30.934049208639642 
NaN
29.555537316892398 
NaN
30.591161296102324 
NaN
30.60516863972627 
NaN
31.201523168094628 
NaN
30.612121286747033 
NaN
31.2016968687691 
NaN
31.192448988019525 
NaN
31.201516666823913 
NaN
29.6121213939897 
NaN
29.611858713450943 
NaN
30.197083820285616 
NaN
31.201693498192615 
NaN
31.20152317101575 
NaN
0.0 
NaN
30.591161296102324 
NaN
31.201700574641677 
NaN
30.591161296102324 
NaN
0.0 
NaN
0.0 
NaN
0.0 
NaN
30.934047350702865 
NaN
31.201523168094628 
NaN
31.201693831161528 
NaN
31.2016968687691 
NaN
29.611858713450943 
NaN
29.6121213939897 
NaN
30.591161296102324 
NaN
0.0 
NaN
29.611858713450943 
NaN
30.93404551526713 
NaN
29.6121213939897 
NaN
31.201526570617155 
NaN
30.93404551526713 
NaN
31.201526570617155 
NaN
30.934049208639642 
NaN
30.591161296102324 
NaN
31.201526570617155 
NaN
29.555537316892398 
NaN
29.611858713450943 
NaN
31.192448988019525 
NaN
31.201700179754067 
NaN
29.611858713450943 
NaN
30.591161296102324 
NaN
31.201516666823913 
NaN
29.611858713450943 
NaN
29.611858713450943 
NaN
31.20152317101575 
NaN
31.2016968687691 
NaN
31.20169656617694 
NaN
0.0 
NaN
30.934049208639642 
NaN
29.555537316892398 
NaN
31.201693558944843 
NaN
29.6121213939897 
NaN
31.201523168094628 
NaN
31.201526298368908 
NaN
30.60516848250157 
NaN
31.201693498192615 
NaN
30.93404551526713 
NaN
31.20169656617694 
NaN
31.201526298368908 
NaN
31.201693498192615 
NaN
30.197083820285616 
NaN
29.6121213939897 
NaN
0.0 
NaN
29.555537316892398 
NaN
29.611858713450943 
NaN
0.0 
NaN
0.0 
NaN
0.0 
NaN
31.201693498192615 
NaN
29.611858713450943 
NaN
31.201516666823913 
NaN
31.2016968687691 
NaN
0.0 
NaN
0.0 
NaN
0.0 
NaN
31.20170033163393 
NaN
0.0 
NaN
0.0 
NaN
31.20152317101575 
NaN
30.591161296102324 
NaN
31.2016968687691 
NaN
0.0 
NaN
31.20152317101575 
NaN
0.0 
NaN
0.0 
NaN
31.201523168094628 
NaN
29.611858713450943 
NaN
0.0 
NaN
29.611858713450943 
NaN
29.611858713450943 
NaN
29.611858713450943 
NaN
0.0 
NaN
29.611858713450943 
NaN
30.93404551526713 
NaN
31.192448988019525 
NaN
0.0 
NaN
31.201518068385383 
NaN
0.0 
NaN
29.555537316892398 
NaN
0.0 
NaN
30.197083820285616 
NaN
29.611858713450943 
NaN
31.2016968687691 
NaN
30.93404551526713 
NaN
31.20152317101575 
NaN
31.201700179754067 
NaN
29.611858713450943 
NaN
29.555537316892398 
NaN
0.0 
NaN
0.0 
NaN
30.60516848250157 
NaN
29.611858713450943 
NaN
31.2016968687691 
NaN
29.611858713450943 
NaN
31.201516666823913 
NaN
31.201700574641677 
NaN
30.934049208639642 
NaN
31.201526570617155 
NaN
31.201700179754067 
NaN
30.591161296102324 
NaN
0.0 
NaN
0.0 
NaN
0.0 
NaN
31.201693498192615 
NaN
0.0 
NaN
29.6121213939897 
NaN
31.201518068385383 
NaN
31.201523168094628 
NaN
30.591161296102324 
NaN
31.201526570617155 
NaN
29.555537316892398 
NaN
