0.0 
NaN
18.981034846498098 
NaN
0.0 
NaN
19.40261448514795 
NaN
19.40261448514795 
NaN
19.40261448514795 
NaN
19.40261448514795 
NaN
0.0 
NaN
19.40261448514795 
NaN
19.40261448514795 
NaN
0.0 
NaN
19.402381322649006 
NaN
0.0 
NaN
0.0 
NaN
0.0 
NaN
0.0 
NaN
18.396073739843455 
NaN
0.0 
NaN
18.396073739843455 
NaN
0.0 
NaN
19.40261448514795 
NaN
0.0 
NaN
0.0 
NaN
19.40261448514795 
NaN
19.40261448514795 
NaN
17.39607792203492 
NaN
17.39607792203492 
NaN
0.0 
NaN
0.0 
NaN
0.0 
NaN
19.40261448514795 
NaN
19.40261448514795 
NaN
19.402381322649006 
NaN
19.40261448514795 
NaN
19.40261448514795 
NaN
0.0 
NaN
19.40261448514795 
NaN
19.40261448514795 
NaN
19.40261448514795 
NaN
19.40261448514795 
NaN
17.39607792203492 
NaN
18.396073739843455 
NaN
0.0 
NaN
18.396073739843455 
NaN
0.0 
NaN
19.40261448514795 
NaN
19.40261448514795 
NaN
19.40261448514795 
NaN
18.396073739843455 
NaN
0.0 
NaN
19.40261448514795 
NaN
19.40261448514795 
NaN
19.40261448514795 
NaN
0.0 
NaN
19.40261448514795 
NaN
19.40261448514795 
NaN
0.0 
NaN
0.0 
NaN
19.40261448514795 
NaN
19.40261448514795 
NaN
19.40261448514795 
NaN
0.0 
NaN
19.40261448514795 
NaN
0.0 
NaN
0.0 
NaN
17.39607792203492 
NaN
19.40261448514795 
NaN
0.0 
NaN
0.0 
NaN
19.40261448514795 
NaN
19.40261448514795 
NaN
17.39607792203492 
NaN
19.40261448514795 
NaN
19.40261448514795 
NaN
0.0 
NaN
0.0 
NaN
19.40261448514795 
NaN
0.0 
NaN
19.402381322649006 
NaN
0.0 
NaN
0.0 
NaN
19.40261448514795 
NaN
0.0 
NaN
19.40261448514795 
NaN
19.40261448514795 
NaN
17.39607792203492 
NaN
19.40261448514795 
NaN
0.0 
NaN
18.396073739843455 
NaN
0.0 
NaN
18.396073739843455 
NaN
0.0 
NaN
0.0 
NaN
19.40261448514795 
NaN
18.396073739843455 
NaN
19.40261448514795 
NaN
19.40261448514795 
NaN
19.402381322649006 
NaN
19.40261448514795 
NaN
17.39607792203492 
NaN
19.40261448514795 
NaN
0.0 
NaN
19.40261448514795 
NaN
18.396073739843455 
NaN
19.40261448514795 
NaN
19.40261448514795 
NaN
0.0 
NaN
0.0 
NaN
19.40261448514795 
NaN
19.40261448514795 
NaN
17.39607792203492 
NaN
19.40261448514795 
NaN
19.40261448514795 
NaN
0.0 
NaN
19.40261448514795 
NaN
19.40261448514795 
NaN
0.0 
NaN
19.40261448514795 
NaN
19.40261448514795 
NaN
0.0 
NaN
19.40261448514795 
NaN
19.40261448514795 
NaN
19.40261448514795 
NaN
18.396073739843455 
NaN
19.40261448514795 
NaN
18.396073739843455 
NaN
0.0 
NaN
0.0 
NaN
19.40261448514795 
NaN
0.0 
NaN
19.40261448514795 
NaN
0.0 
NaN
19.40261448514795 
NaN
19.40261448514795 
NaN
0.0 
NaN
19.40261448514795 
NaN
19.40261448514795 
NaN
0.0 
NaN
0.0 
NaN
17.39607792203492 
NaN
0.0 
NaN
0.0 
NaN
0.0 
NaN
18.981034846498098 
NaN
19.40261448514795 
NaN
19.40261448514795 
NaN
19.40261448514795 
NaN
17.39602773493717 
NaN
