37.15101277723009 
NaN
37.151011453549536 
NaN
0.0 
NaN
0.0 
NaN
0.0 
NaN
0.0 
NaN
35.915517742661514 
NaN
36.915700612013204 
NaN
35.91569895341374 
NaN
37.15101444148137 
NaN
37.143084291774855 
NaN
0.0 
NaN
34.339963710784346 
NaN
0.0 
NaN
35.915517742661514 
NaN
37.15099237434277 
NaN
36.650780130872974 
NaN
35.33995072977936 
NaN
36.3399859375359 
NaN
35.91569895341374 
NaN
37.1430884101697 
NaN
36.34001660980081 
NaN
37.15099211960714 
NaN
36.92479885482908 
NaN
37.1427900100405 
NaN
35.3399930075986 
NaN
34.339963710784346 
NaN
35.92496450364528 
NaN
37.15099237434277 
NaN
37.143084291774855 
NaN
0.0 
NaN
36.3399859375359 
NaN
37.151317554306374 
NaN
36.3399859375359 
NaN
0.0 
NaN
0.0 
NaN
0.0 
NaN
36.32592966531148 
NaN
37.1430884101697 
NaN
37.150706114022725 
NaN
37.15116474153614 
NaN
34.339963710784346 
NaN
35.3399930075986 
NaN
36.3399859375359 
NaN
0.0 
NaN
34.339963710784346 
NaN
36.66173617063232 
NaN
35.3399930075986 
NaN
36.915700612013204 
NaN
36.66173617063232 
NaN
36.915700612013204 
NaN
36.650780130872974 
NaN
36.3399859375359 
NaN
36.915700612013204 
NaN
35.33995072977936 
NaN
34.339963710784346 
NaN
36.92479885482908 
NaN
37.151011453549536 
NaN
34.339963710784346 
NaN
36.3399859375359 
NaN
37.1427900100405 
NaN
34.339963710784346 
NaN
34.339963710784346 
NaN
37.143084291774855 
NaN
37.15116474153614 
NaN
37.15114291300059 
NaN
0.0 
NaN
36.650780130872974 
NaN
35.33995072977936 
NaN
37.15101444148137 
NaN
35.3399930075986 
NaN
37.1430884101697 
NaN
37.14338953995518 
NaN
35.915517742661514 
NaN
37.15099237434277 
NaN
36.66173617063232 
NaN
37.15114291300059 
NaN
37.14338953995518 
NaN
37.15099237434277 
NaN
35.92496450364528 
NaN
35.3399930075986 
NaN
0.0 
NaN
35.33995072977936 
NaN
34.339963710784346 
NaN
0.0 
NaN
0.0 
NaN
0.0 
NaN
37.150844639422715 
NaN
34.339963710784346 
NaN
37.1427900100405 
NaN
37.15099211960714 
NaN
0.0 
NaN
0.0 
NaN
0.0 
NaN
37.15131500047112 
NaN
0.0 
NaN
0.0 
NaN
37.143084291774855 
NaN
36.3399859375359 
NaN
37.15116474153614 
NaN
0.0 
NaN
37.143084291774855 
NaN
0.0 
NaN
0.0 
NaN
37.1430884101697 
NaN
34.339963710784346 
NaN
0.0 
NaN
34.339963710784346 
NaN
34.339963710784346 
NaN
34.339963710784346 
NaN
0.0 
NaN
34.339963710784346 
NaN
36.66173617063232 
NaN
36.92479885482908 
NaN
0.0 
NaN
37.143078893065436 
NaN
0.0 
NaN
35.33995072977936 
NaN
0.0 
NaN
35.92496450364528 
NaN
34.339963710784346 
NaN
37.15099211960714 
NaN
36.66173617063232 
NaN
37.143084291774855 
NaN
37.151011453549536 
NaN
34.339963710784346 
NaN
35.33995072977936 
NaN
0.0 
NaN
0.0 
NaN
35.915517742661514 
NaN
34.339963710784346 
NaN
37.15116474153614 
NaN
34.339963710784346 
NaN
37.1427900100405 
NaN
37.151317554306374 
NaN
36.650780130872974 
NaN
36.915700612013204 
NaN
37.151011453549536 
NaN
36.3399859375359 
NaN
0.0 
NaN
0.0 
NaN
0.0 
NaN
37.150844639422715 
NaN
0.0 
NaN
35.3399930075986 
NaN
37.143078893065436 
NaN
37.1430884101697 
NaN
36.3399859375359 
NaN
36.915700612013204 
NaN
35.33995072977936 
NaN
