44.88170631627395 
NaN
44.23140907726294 
NaN
0.0 
NaN
0.0 
NaN
0.0 
NaN
0.0 
NaN
43.16094333341563 
NaN
0.0 
NaN
0.0 
NaN
43.460503615274504 
NaN
43.51708714364087 
NaN
0.0 
NaN
0.0 
NaN
0.0 
NaN
43.16094333341563 
NaN
0.0 
NaN
0.0 
NaN
43.51708714364087 
NaN
43.2540527378071 
NaN
0.0 
NaN
0.0 
NaN
45.16094333341552 
NaN
0.0 
NaN
43.30296233828804 
NaN
43.20674702302875 
NaN
0.0 
NaN
43.16094333341563 
NaN
44.76239395692525 
NaN
0.0 
NaN
43.51708714364087 
NaN
0.0 
NaN
43.2540527378071 
NaN
45.84615730777216 
NaN
43.2540527378071 
NaN
0.0 
NaN
0.0 
NaN
0.0 
NaN
43.460503615274504 
NaN
0.0 
NaN
0.0 
NaN
45.2656407120822 
NaN
0.0 
NaN
0.0 
NaN
43.2540527378071 
NaN
0.0 
NaN
0.0 
NaN
44.16094333341555 
NaN
0.0 
NaN
0.0 
NaN
44.16094333341555 
NaN
0.0 
NaN
0.0 
NaN
43.2540527378071 
NaN
0.0 
NaN
43.51708714364087 
NaN
43.16094333341563 
NaN
43.30296233828804 
NaN
44.23140907726294 
NaN
0.0 
NaN
43.2540527378071 
NaN
43.20674702302875 
NaN
0.0 
NaN
0.0 
NaN
43.51708714364087 
NaN
45.2656407120822 
NaN
44.36508405019577 
NaN
0.0 
NaN
0.0 
NaN
43.51708714364087 
NaN
43.460503615274504 
NaN
0.0 
NaN
0.0 
NaN
45.638261250855095 
NaN
43.16094333341563 
NaN
0.0 
NaN
44.16094333341555 
NaN
44.36508405019577 
NaN
45.638261250855095 
NaN
0.0 
NaN
44.76239395692525 
NaN
0.0 
NaN
0.0 
NaN
43.51708714364087 
NaN
0.0 
NaN
0.0 
NaN
0.0 
NaN
0.0 
NaN
0.0 
NaN
0.0 
NaN
43.20674702302875 
NaN
0.0 
NaN
0.0 
NaN
0.0 
NaN
0.0 
NaN
43.460503615274504 
NaN
0.0 
NaN
0.0 
NaN
43.51708714364087 
NaN
43.2540527378071 
NaN
45.2656407120822 
NaN
0.0 
NaN
43.51708714364087 
NaN
0.0 
NaN
0.0 
NaN
0.0 
NaN
0.0 
NaN
0.0 
NaN
0.0 
NaN
0.0 
NaN
0.0 
NaN
0.0 
NaN
0.0 
NaN
44.16094333341555 
NaN
43.30296233828804 
NaN
0.0 
NaN
43.20674702302875 
NaN
0.0 
NaN
43.51708714364087 
NaN
0.0 
NaN
44.76239395692525 
NaN
0.0 
NaN
0.0 
NaN
44.16094333341555 
NaN
43.51708714364087 
NaN
44.23140907726294 
NaN
43.16094333341563 
NaN
43.51708714364087 
NaN
0.0 
NaN
0.0 
NaN
43.16094333341563 
NaN
0.0 
NaN
45.2656407120822 
NaN
43.16094333341563 
NaN
43.20674702302875 
NaN
45.84615730777216 
NaN
0.0 
NaN
0.0 
NaN
44.23140907726294 
NaN
43.2540527378071 
NaN
0.0 
NaN
0.0 
NaN
0.0 
NaN
0.0 
NaN
0.0 
NaN
0.0 
NaN
43.20674702302875 
NaN
0.0 
NaN
43.2540527378071 
NaN
0.0 
NaN
43.51708714364087 
NaN
