48.39004240223408 
NaN
48.52806285132443 
NaN
0.0 
NaN
0.0 
NaN
0.0 
NaN
0.0 
NaN
45.584829807693254 
NaN
47.55875741716785 
NaN
45.59140665080068 
NaN
47.1578677020862 
NaN
47.87416483092772 
NaN
0.0 
NaN
0.0 
NaN
0.0 
NaN
45.584829807693254 
NaN
47.84264859814099 
NaN
47.110415687733976 
NaN
46.63323343031052 
NaN
46.59664428244453 
NaN
45.59140665080068 
NaN
46.48800624865755 
NaN
47.62247879205705 
NaN
47.80514083368511 
NaN
47.85089548411062 
NaN
46.55123678707499 
NaN
0.0 
NaN
45.531149849307624 
NaN
47.20242158079375 
NaN
47.84264859814099 
NaN
47.87416483092772 
NaN
0.0 
NaN
46.59664428244453 
NaN
48.75074489487266 
NaN
46.59664428244453 
NaN
0.0 
NaN
0.0 
NaN
0.0 
NaN
46.50599795293046 
NaN
46.48800624865755 
NaN
47.06455943580448 
NaN
48.55834554397764 
NaN
0.0 
NaN
45.40862547733708 
NaN
46.59664428244453 
NaN
0.0 
NaN
0.0 
NaN
47.582815541715064 
NaN
0.0 
NaN
47.55875741716785 
NaN
47.582815541715064 
NaN
47.55875741716785 
NaN
47.110415687733976 
NaN
46.59664428244453 
NaN
47.55875741716785 
NaN
46.63323343031052 
NaN
45.531149849307624 
NaN
47.85089548411062 
NaN
48.52806285132443 
NaN
0.0 
NaN
46.59664428244453 
NaN
46.55123678707499 
NaN
0.0 
NaN
0.0 
NaN
47.87416483092772 
NaN
48.55834554397764 
NaN
48.54218740905857 
NaN
0.0 
NaN
47.110415687733976 
NaN
46.63323343031052 
NaN
47.1578677020862 
NaN
45.40862547733708 
NaN
46.48800624865755 
NaN
48.383550967368265 
NaN
45.584829807693254 
NaN
47.84264859814099 
NaN
47.582815541715064 
NaN
48.54218740905857 
NaN
48.383550967368265 
NaN
47.84264859814099 
NaN
47.20242158079375 
NaN
0.0 
NaN
0.0 
NaN
46.63323343031052 
NaN
0.0 
NaN
0.0 
NaN
0.0 
NaN
0.0 
NaN
47.82293498095276 
NaN
0.0 
NaN
46.55123678707499 
NaN
47.80514083368511 
NaN
0.0 
NaN
0.0 
NaN
0.0 
NaN
48.12336908400646 
NaN
0.0 
NaN
0.0 
NaN
47.87416483092772 
NaN
46.59664428244453 
NaN
48.55834554397764 
NaN
0.0 
NaN
47.87416483092772 
NaN
0.0 
NaN
0.0 
NaN
46.48800624865755 
NaN
0.0 
NaN
0.0 
NaN
0.0 
NaN
0.0 
NaN
0.0 
NaN
0.0 
NaN
0.0 
NaN
47.582815541715064 
NaN
47.85089548411062 
NaN
0.0 
NaN
47.84285065616826 
NaN
0.0 
NaN
46.63323343031052 
NaN
0.0 
NaN
47.20242158079375 
NaN
0.0 
NaN
47.80514083368511 
NaN
47.582815541715064 
NaN
47.87416483092772 
NaN
48.52806285132443 
NaN
45.531149849307624 
NaN
46.63323343031052 
NaN
0.0 
NaN
0.0 
NaN
45.584829807693254 
NaN
0.0 
NaN
48.55834554397764 
NaN
45.531149849307624 
NaN
46.55123678707499 
NaN
48.75074489487266 
NaN
47.110415687733976 
NaN
47.55875741716785 
NaN
48.52806285132443 
NaN
46.59664428244453 
NaN
0.0 
NaN
0.0 
NaN
0.0 
NaN
47.82293498095276 
NaN
0.0 
NaN
45.40862547733708 
NaN
47.84285065616826 
NaN
46.48800624865755 
NaN
46.59664428244453 
NaN
47.55875741716785 
NaN
46.63323343031052 
NaN
