0.0 
NaN
30.595741718437658 
NaN
0.0 
NaN
31.332707473170853 
NaN
31.6001069337148 
NaN
31.600106957204112 
NaN
31.600107005955522 
NaN
0.0 
NaN
31.600107005955522 
NaN
31.332707473170853 
NaN
0.0 
NaN
30.595741475720082 
NaN
0.0 
NaN
0.0 
NaN
0.0 
NaN
0.0 
NaN
30.010779049681265 
NaN
0.0 
NaN
29.957339479887267 
NaN
0.0 
NaN
31.60010415488182 
NaN
0.0 
NaN
0.0 
NaN
31.599951286889425 
NaN
30.990970633364284 
NaN
29.010778270851006 
NaN
29.01077827351823 
NaN
0.0 
NaN
0.0 
NaN
0.0 
NaN
31.60010422712268 
NaN
31.600104129619673 
NaN
31.316882071051293 
NaN
31.599947166058545 
NaN
31.600106957204112 
NaN
0.0 
NaN
31.600102766792908 
NaN
31.60010415488182 
NaN
31.60010705470693 
NaN
31.600104009070495 
NaN
29.01077827351823 
NaN
30.010779049681265 
NaN
0.0 
NaN
30.010779049681265 
NaN
0.0 
NaN
31.60010422712268 
NaN
31.600104228452267 
NaN
31.60010705470693 
NaN
29.957339479887267 
NaN
0.0 
NaN
30.569269844151215 
NaN
31.60010422712268 
NaN
31.600106957204112 
NaN
0.0 
NaN
31.600104009070495 
NaN
31.600107005955522 
NaN
0.0 
NaN
0.0 
NaN
31.600104129619673 
NaN
31.599951286889425 
NaN
31.60010690845271 
NaN
0.0 
NaN
31.6001069337148 
NaN
0.0 
NaN
0.0 
NaN
28.957339893684793 
NaN
31.60010422712268 
NaN
0.0 
NaN
0.0 
NaN
31.33270736168082 
NaN
31.60010690845271 
NaN
29.01077827351823 
NaN
31.332704099126545 
NaN
31.600106957204112 
NaN
0.0 
NaN
0.0 
NaN
31.6001069337148 
NaN
0.0 
NaN
31.316882071051293 
NaN
0.0 
NaN
0.0 
NaN
31.60010690845271 
NaN
0.0 
NaN
31.60010705470693 
NaN
31.31688250736828 
NaN
29.01077827351823 
NaN
31.322176777027018 
NaN
0.0 
NaN
30.010779049681265 
NaN
0.0 
NaN
30.010778834969535 
NaN
0.0 
NaN
0.0 
NaN
31.332707473170853 
NaN
30.010779269727408 
NaN
31.01077926239254 
NaN
31.600104129619673 
NaN
30.595741475720082 
NaN
31.60010705470693 
NaN
29.010778270851006 
NaN
30.569269844151215 
NaN
0.0 
NaN
31.60010690845271 
NaN
30.01077927106102 
NaN
31.564810008407306 
NaN
31.01077926239254 
NaN
0.0 
NaN
0.0 
NaN
31.600104129619673 
NaN
31.600106957204112 
NaN
29.01077827351823 
NaN
31.6001068597013 
NaN
31.60010422712268 
NaN
0.0 
NaN
31.600107005955522 
NaN
31.600104129619673 
NaN
0.0 
NaN
31.599951286889425 
NaN
31.60010705470693 
NaN
0.0 
NaN
31.60010415488182 
NaN
31.600106957204112 
NaN
31.60010422712268 
NaN
30.010778834969535 
NaN
31.6001068597013 
NaN
29.957339479887267 
NaN
0.0 
NaN
0.0 
NaN
31.599951236803033 
NaN
0.0 
NaN
31.600104106130317 
NaN
0.0 
NaN
30.569269844151215 
NaN
31.600104228452267 
NaN
0.0 
NaN
31.332704099126545 
NaN
30.569269844151215 
NaN
0.0 
NaN
0.0 
NaN
28.957339893684793 
NaN
0.0 
NaN
0.0 
NaN
0.0 
NaN
30.595741718437658 
NaN
31.60010422712268 
NaN
31.60010705470693 
NaN
31.60010422712268 
NaN
29.01077843355188 
NaN
