0.0 
NaN
36.403076941294124 
NaN
0.0 
NaN
37.140054035690596 
NaN
37.62921084083998 
NaN
37.629211990512864 
NaN
37.403078246505636 
NaN
0.0 
NaN
37.40307961568252 
NaN
37.140054035690596 
NaN
0.0 
NaN
36.40306109855815 
NaN
0.0 
NaN
0.0 
NaN
0.0 
NaN
0.0 
NaN
35.818115545351 
NaN
0.0 
NaN
35.818079603642744 
NaN
0.0 
NaN
37.62907743351462 
NaN
0.0 
NaN
0.0 
NaN
37.621648065644784 
NaN
36.80492366982994 
NaN
34.818068586684014 
NaN
34.81808501730556 
NaN
0.0 
NaN
0.0 
NaN
0.0 
NaN
37.629073921219685 
NaN
37.629081007815905 
NaN
36.81151808428831 
NaN
37.621448080032756 
NaN
37.629216672697424 
NaN
0.0 
NaN
37.62907751673981 
NaN
37.62907743351462 
NaN
37.62922127128342 
NaN
37.62907756044288 
NaN
34.81808501730556 
NaN
35.818115545351 
NaN
0.0 
NaN
35.818115545351 
NaN
0.0 
NaN
37.629073921219685 
NaN
37.628940401355045 
NaN
37.62922127128342 
NaN
35.818079603642744 
NaN
0.0 
NaN
35.80491903882744 
NaN
37.629073921219685 
NaN
37.62920730835382 
NaN
0.0 
NaN
37.62907756044288 
NaN
37.62907732992768 
NaN
0.0 
NaN
0.0 
NaN
37.629081007815905 
NaN
37.621648065644784 
NaN
37.62920969120691 
NaN
0.0 
NaN
37.629077392254956 
NaN
0.0 
NaN
0.0 
NaN
34.81807592715687 
NaN
37.629073921219685 
NaN
0.0 
NaN
0.0 
NaN
37.13995152295484 
NaN
37.40307291684218 
NaN
34.81808501730556 
NaN
36.80471498786407 
NaN
37.6290750304071 
NaN
0.0 
NaN
0.0 
NaN
37.40308105817586 
NaN
0.0 
NaN
36.81151808428831 
NaN
0.0 
NaN
0.0 
NaN
37.40307291684218 
NaN
0.0 
NaN
37.62922127128342 
NaN
37.140045908584256 
NaN
34.81808501730556 
NaN
37.14003772448589 
NaN
0.0 
NaN
35.818115545351 
NaN
0.0 
NaN
35.817865397143464 
NaN
0.0 
NaN
0.0 
NaN
37.140054035690596 
NaN
35.81810719015785 
NaN
36.81810906713284 
NaN
37.39854490837962 
NaN
36.40306109855815 
NaN
37.62922127128342 
NaN
34.818068586684014 
NaN
35.80491903882744 
NaN
0.0 
NaN
37.40307291684218 
NaN
35.818115701385715 
NaN
37.403069276570065 
NaN
36.81810906713284 
NaN
0.0 
NaN
0.0 
NaN
37.629081007815905 
NaN
37.6290750304071 
NaN
34.81808501730556 
NaN
37.40307428555576 
NaN
37.629073921219685 
NaN
0.0 
NaN
37.62907732992768 
NaN
37.629081007815905 
NaN
0.0 
NaN
37.621648065644784 
NaN
37.629085482343406 
NaN
0.0 
NaN
37.62907743351462 
NaN
37.629211990512864 
NaN
37.629073921219685 
NaN
35.817865397143464 
NaN
37.62920270968939 
NaN
35.818079603642744 
NaN
0.0 
NaN
0.0 
NaN
37.621712899410355 
NaN
0.0 
NaN
37.62907985805901 
NaN
0.0 
NaN
35.80491903882744 
NaN
37.628940401355045 
NaN
0.0 
NaN
36.80471498786407 
NaN
35.80491903882744 
NaN
0.0 
NaN
0.0 
NaN
34.81807592715687 
NaN
0.0 
NaN
0.0 
NaN
0.0 
NaN
36.403076941294124 
NaN
37.629073921219685 
NaN
37.62922127128342 
NaN
37.629073921219685 
NaN
34.818117878130174 
NaN
