0.0 
NaN
13.182549540307372 
NaN
0.0 
NaN
13.182549540307372 
NaN
13.182549540307372 
NaN
13.182549540307372 
NaN
13.182549540307372 
NaN
0.0 
NaN
13.182549540307372 
NaN
13.182549540307372 
NaN
0.0 
NaN
13.182549540307372 
NaN
0.0 
NaN
0.0 
NaN
0.0 
NaN
0.0 
NaN
12.588948820314682 
NaN
0.0 
NaN
12.588948820314682 
NaN
0.0 
NaN
13.182549540307372 
NaN
0.0 
NaN
0.0 
NaN
13.182549540307372 
NaN
13.182549540307372 
NaN
11.589182967039351 
NaN
11.589182967039351 
NaN
0.0 
NaN
0.0 
NaN
0.0 
NaN
13.182549540307372 
NaN
13.182549540307372 
NaN
13.182549540307372 
NaN
13.182549540307372 
NaN
13.182549540307372 
NaN
0.0 
NaN
13.182549540307372 
NaN
13.182549540307372 
NaN
13.182549540307372 
NaN
13.182549540307372 
NaN
11.589182967039351 
NaN
12.588948820314682 
NaN
0.0 
NaN
12.588948820314682 
NaN
0.0 
NaN
13.182549540307372 
NaN
13.182549540307372 
NaN
13.182549540307372 
NaN
12.588948820314682 
NaN
0.0 
NaN
13.182549540307372 
NaN
13.182549540307372 
NaN
13.182549540307372 
NaN
0.0 
NaN
13.182549540307372 
NaN
13.182549540307372 
NaN
0.0 
NaN
0.0 
NaN
13.182549540307372 
NaN
13.182549540307372 
NaN
13.182549540307372 
NaN
0.0 
NaN
13.182549540307372 
NaN
0.0 
NaN
0.0 
NaN
11.589182967039351 
NaN
13.182549540307372 
NaN
0.0 
NaN
0.0 
NaN
13.182549540307372 
NaN
13.182549540307372 
NaN
11.589182967039351 
NaN
13.182549540307372 
NaN
13.182549540307372 
NaN
0.0 
NaN
0.0 
NaN
13.182549540307372 
NaN
0.0 
NaN
13.182549540307372 
NaN
0.0 
NaN
0.0 
NaN
13.182549540307372 
NaN
0.0 
NaN
13.182549540307372 
NaN
13.182549540307372 
NaN
11.589182967039351 
NaN
13.182549540307372 
NaN
0.0 
NaN
12.588948820314682 
NaN
0.0 
NaN
12.588948820314682 
NaN
0.0 
NaN
0.0 
NaN
13.182549540307372 
NaN
12.588948820314682 
NaN
13.182549540307372 
NaN
13.182549540307372 
NaN
13.182549540307372 
NaN
13.182549540307372 
NaN
11.589182967039351 
NaN
13.182549540307372 
NaN
0.0 
NaN
13.182549540307372 
NaN
12.588948820314682 
NaN
13.182549540307372 
NaN
13.182549540307372 
NaN
0.0 
NaN
0.0 
NaN
13.182549540307372 
NaN
13.182549540307372 
NaN
11.589182967039351 
NaN
13.182549540307372 
NaN
13.182549540307372 
NaN
0.0 
NaN
13.182549540307372 
NaN
13.182549540307372 
NaN
0.0 
NaN
13.182549540307372 
NaN
13.182549540307372 
NaN
0.0 
NaN
13.182549540307372 
NaN
13.182549540307372 
NaN
13.182549540307372 
NaN
12.588948820314682 
NaN
13.182549540307372 
NaN
12.588948820314682 
NaN
0.0 
NaN
0.0 
NaN
13.182549540307372 
NaN
0.0 
NaN
13.182549540307372 
NaN
0.0 
NaN
13.182549540307372 
NaN
13.182549540307372 
NaN
0.0 
NaN
13.182549540307372 
NaN
13.182549540307372 
NaN
0.0 
NaN
0.0 
NaN
11.589182967039351 
NaN
0.0 
NaN
0.0 
NaN
0.0 
NaN
13.182549540307372 
NaN
13.182549540307372 
NaN
13.182549540307372 
NaN
13.182549540307372 
NaN
11.589182967039351 
NaN
